A
1000 Generated by WorldEditor

17     33 0 0 PHJR PHJR-Kalaeloa
100 60.96 1 0 0.25 0 3 0 04R  21.29967175 -158.07912895    0  153 3 9 0 0 22L  21.31230264 -158.05976750    0   45 2 0 0 0
100 60.96 1 0 0.25 0 2 0 04L  21.30662805 -158.07162726    0    0 2 0 0 0 22R  21.31370380 -158.06082415    0   46 2 0 0 0
100 60.96 1 0 0.25 0 2 0 11  21.31155861 -158.08380141  311   31 2 0 0 0 29  21.30069145 -158.06183329  439    0 2 0 0 0
102 H2  21.30100425 -158.07030238 188.48 50.00 50.00 15 0 0 0.00 1
102 H1  21.30107562 -158.07068378 166.09 50.00 50.00 15 0 0 0.00 1
110 2 0.00 0.0000 Cargo Concrete
111  21.30124666 -158.07227550
111  21.30016369 -158.07150047
111  21.30032248 -158.07125187
113  21.30140897 -158.07202917
110 1 0.00 0.0000 Cargo Asphalt
112  21.30306682 -158.07294293  21.30295789 -158.07285749
111  21.30306682 -158.07294293 1
111  21.30269127 -158.07265928
112  21.30269127 -158.07265928  21.30262416 -158.07261579 1
112  21.30250233 -158.07263650  21.30245422 -158.07266097
111  21.30250233 -158.07263650 1
111  21.30189058 -158.07296044
112  21.30189058 -158.07296044  21.30175744 -158.07302466 1
112  21.30138978 -158.07292160  21.30118922 -158.07277870
111  21.30138978 -158.07292160 1
111  21.30111150 -158.07272349
111  21.30108378 -158.07276591
111  21.29949895 -158.07164630
112  21.30001140 -158.07087897  21.30001140 -158.07087737
111  21.30068916 -158.06986149 1
112  21.30088744 -158.06998029  21.30089193 -158.06998270
111  21.30088744 -158.06998029
112  21.30088744 -158.06998029  21.30114092 -158.07014642 1
112  21.30113702 -158.07040949  21.30111459 -158.07053709
111  21.30113702 -158.07040949 1
111  21.30110961 -158.07053972
111  21.30104297 -158.07081808
112  21.30104297 -158.07081808  21.30099026 -158.07108774 1
112  21.30115643 -158.07135005  21.30129439 -158.07144636
111  21.30115643 -158.07135005 1
111  21.30210888 -158.07204226 1
111  21.30240596 -158.07218327 1
111  21.30319121 -158.07276172
112  21.30319121 -158.07276172  21.30328644 -158.07282955 1
112  21.30355963 -158.07266419  21.30365458 -158.07253461
111  21.30355963 -158.07266419
111  21.30312404 -158.07333540
114  21.30312404 -158.07333540  21.30320122 -158.07321071 1
112  21.30196291 -158.07254183  21.30192844 -158.07246454 1
112  21.30169401 -158.07216935  21.30159442 -158.07208219 1
112  21.30151246 -158.07202792  21.30148411 -158.07200819 1
112  21.30140897 -158.07202917  21.30138829 -158.07206033
111  21.30140897 -158.07202917 1
111  21.30124666 -158.07227550
112  21.30124666 -158.07227550  21.30117587 -158.07238233 1
112  21.30124992 -158.07255382  21.30129615 -158.07258654 1
112  21.30152379 -158.07275226  21.30158507 -158.07279255 1
112  21.30176429 -158.07278689  21.30183783 -158.07275071
111  21.30176429 -158.07278689 1
111  21.30195282 -158.07268422
114  21.30195282 -158.07268422  21.30199572 -158.07265708 1
110 1 0.00 118.0000 TaxiWay 1
111  21.31172574 -158.08352671
112  21.31146433 -158.08299790  21.31146975 -158.08299693
111  21.31146433 -158.08299790
112  21.31146433 -158.08299790  21.31152575 -158.08312006 1
112  21.31180676 -158.08305519  21.31188443 -158.08301059
111  21.31180676 -158.08305519 1
111  21.31243509 -158.08269650
112  21.31243509 -158.08269650  21.31250554 -158.08265578 1
112  21.31249523 -158.08234709  21.31240853 -158.08220943
111  21.31249523 -158.08234709 1
112  21.31121602 -158.08016822  21.31074207 -158.07934985 1
111  21.30920393 -158.07626756
112  21.30920393 -158.07626756  21.30911361 -158.07610663 1
112  21.30887197 -158.07617875  21.30877984 -158.07624274
111  21.30887197 -158.07617875 1
111  21.30841919 -158.07654270
112  21.30841919 -158.07654270  21.30837989 -158.07657564 1
112  21.30834530 -158.07669384  21.30835765 -158.07672076
111  21.30834530 -158.07669384
112  21.30834530 -158.07669384  21.30834408 -158.07669133
111  21.30787994 -158.07701147 1
111  21.30178185 -158.08162654
112  21.30178185 -158.08162654  21.30169119 -158.08169335 1
112  21.30135614 -158.08164202  21.30117888 -158.08150695
111  21.30135614 -158.08164202 1
111  21.30076022 -158.08119965
111  21.30113854 -158.08061640
112  21.30113854 -158.08061640  21.30110296 -158.08067423 1
112  21.30128277 -158.08087841  21.30133825 -158.08091617
111  21.30128277 -158.08087841 1
111  21.30171116 -158.08117818
112  21.30171116 -158.08117818  21.30177205 -158.08122321 1
112  21.30202288 -158.08116312  21.30211219 -158.08109631
111  21.30202288 -158.08116312 1
111  21.30778039 -158.07680743
111  21.30821752 -158.07643626 1
111  21.30883660 -158.07592551
112  21.30883660 -158.07592551  21.30891789 -158.07585764 1
112  21.30885170 -158.07557735  21.30878486 -158.07545326
111  21.30885170 -158.07557735 1
112  21.30693947 -158.07183740  21.30689171 -158.07174964 1
111  21.30686870 -158.07175479 1
111  21.30684954 -158.07178330 1
111  21.30630560 -158.07261280
111  21.30612333 -158.07345302
112  21.30612333 -158.07345302  21.30608611 -158.07337417 1
112  21.30580611 -158.07340656  21.30574637 -158.07349803
111  21.30580611 -158.07340656 1
111  21.30113783 -158.08051908 1
111  21.30071293 -158.08116159 1
111  21.30021556 -158.08078522
111  21.30052641 -158.08030551
112  21.30046408 -158.08025704  21.30044506 -158.08024343
111  21.30046408 -158.08025704
112  21.30046408 -158.08025704  21.30050258 -158.08028620 1
112  21.30073009 -158.08016273  21.30080073 -158.08005434
111  21.30073009 -158.08016273 1
111  21.30463018 -158.07419569
112  21.30463018 -158.07419569  21.30476408 -158.07398136 1
112  21.30452656 -158.07367679  21.30442437 -158.07362384
111  21.30452656 -158.07367679 1
111  21.30400013 -158.07341627
112  21.30400013 -158.07341627  21.30390654 -158.07337366 1
112  21.30369421 -158.07347311  21.30363950 -158.07356309
111  21.30369421 -158.07347311
111  21.30398514 -158.07302626
112  21.30398514 -158.07302626  21.30395630 -158.07307168 1
112  21.30405386 -158.07319873  21.30412340 -158.07323306
111  21.30405386 -158.07319873 1
111  21.30466110 -158.07350073
112  21.30466110 -158.07350073  21.30480792 -158.07357511 1
112  21.30515397 -158.07341184  21.30526320 -158.07324416
111  21.30515397 -158.07341184 1
111  21.30568536 -158.07257194
111  21.30603746 -158.07202843 1
112  21.30639692 -158.07145791  21.30642401 -158.07141544
111  21.30639692 -158.07145791
112  21.30639692 -158.07145791  21.30650534 -158.07130167 1
112  21.30652446 -158.07098123  21.30644959 -158.07081637 1
112  21.30623669 -158.07035033  21.30614728 -158.07016904 1
112  21.30576207 -158.07029887  21.30564264 -158.07048252
111  21.30576207 -158.07029887
112  21.30576207 -158.07029887  21.30577112 -158.06989757
111  21.30574514 -158.06929818 1
112  21.30519913 -158.06813518  21.30513952 -158.06801788 1
112  21.30485555 -158.06803094  21.30473236 -158.06809066
111  21.30485555 -158.06803094 1
111  21.30446396 -158.06826441
112  21.30446396 -158.06826441  21.30434275 -158.06834546 1
112  21.30432486 -158.06856347  21.30435594 -158.06862592
111  21.30432486 -158.06856347
111  21.30404787 -158.06800386
112  21.30404787 -158.06800386  21.30408165 -158.06806357 1
112  21.30436769 -158.06806570  21.30453063 -158.06797399
111  21.30436769 -158.06806570 1
111  21.30478626 -158.06781699
112  21.30478626 -158.06781699  21.30491144 -158.06773808 1
112  21.30487088 -158.06741621  21.30480729 -158.06726905
111  21.30487088 -158.06741621 1
111  21.30330668 -158.06407753
112  21.30330668 -158.06407753  21.30324657 -158.06396398 1
112  21.30299705 -158.06396125  21.30290088 -158.06401286
111  21.30299705 -158.06396125 1
111  21.30247243 -158.06426391
112  21.30247243 -158.06426391  21.30231840 -158.06435478 1
111  21.30235727 -158.06457407
111  21.30207797 -158.06400941 1
112  21.30240454 -158.06405593  21.30255438 -158.06396776
111  21.30240454 -158.06405593 1
111  21.30286502 -158.06377838
112  21.30286502 -158.06377838  21.30299428 -158.06370003 1
112  21.30298983 -158.06338521  21.30292166 -158.06324419
111  21.30298983 -158.06338521 1
111  21.30219517 -158.06173596
112  21.30219517 -158.06173596  21.30213953 -158.06162671 1
112  21.30191903 -158.06163368  21.30183895 -158.06167592
111  21.30191903 -158.06163368 1
111  21.30119905 -158.06206022
112  21.30119905 -158.06206022  21.30115156 -158.06209311 1
111  21.30114800 -158.06214254
111  21.30092598 -158.06169599 1
111  21.30207245 -158.06101567 1
111  21.30587640 -158.06909698
112  21.30620496 -158.06962002  21.30618779 -158.06964707 1
112  21.30622210 -158.06983841  21.30625137 -158.06990495 1
112  21.30655270 -158.07054894  21.30662456 -158.07070184 1
112  21.30693688 -158.07063364  21.30699565 -158.07054453
111  21.30693688 -158.07063364
112  21.30693688 -158.07063364  21.30695157 -158.07061136
112  21.30702791 -158.07151900  21.30702208 -158.07152846 1
111  21.30704668 -158.07159477 1
112  21.30723178 -158.07197660  21.30726247 -158.07204282
111  21.30723178 -158.07197660
112  21.30723178 -158.07197660  21.30735452 -158.07224148 1
112  21.30765806 -158.07204670  21.30774721 -158.07191079 1
111  21.30893099 -158.07010298
112  21.30893099 -158.07010298  21.30901385 -158.06997377 1
112  21.30889013 -158.06971027  21.30878851 -158.06963140
111  21.30889013 -158.06971027 1
111  21.30866349 -158.06953901
112  21.30866349 -158.06953901  21.30855543 -158.06946084 1
112  21.30830834 -158.06955873  21.30825313 -158.06963816
111  21.30830834 -158.06955873
112  21.30830834 -158.06955873  21.30832449 -158.06953414
112  21.30793958 -158.06910310  21.30793316 -158.06903670 1
112  21.30780962 -158.06888437  21.30775057 -158.06883823
111  21.30780962 -158.06888437 1
111  21.30727004 -158.06846508
112  21.30727004 -158.06846508  21.30714830 -158.06837228 1
112  21.30693305 -158.06850216  21.30686424 -158.06859622
111  21.30693305 -158.06850216
111  21.30731493 -158.06791669
112  21.30731493 -158.06791669  21.30727951 -158.06797484 1
112  21.30737087 -158.06826874  21.30747095 -158.06834642
111  21.30737087 -158.06826874 1
111  21.30796798 -158.06873535
112  21.30796798 -158.06873535  21.30803919 -158.06878914 1
112  21.30814933 -158.06878161  21.30815332 -158.06877603
112  21.30864068 -158.06905172  21.30867240 -158.06900192
111  21.30864068 -158.06905172
112  21.30864068 -158.06905172  21.30860897 -158.06909963 1
112  21.30871419 -158.06930736  21.30878467 -158.06935779
111  21.30871419 -158.06930736 1
111  21.30897838 -158.06950854
112  21.30897838 -158.06950854  21.30908469 -158.06958909 1
112  21.30937511 -158.06944604  21.30947361 -158.06929837
111  21.30937511 -158.06944604 1
111  21.31101511 -158.06694451
112  21.31101511 -158.06694451  21.31104682 -158.06689281 1
112  21.31099379 -158.06673709  21.31094915 -158.06670178
111  21.31099379 -158.06673709 1
111  21.31055073 -158.06639751
112  21.31055073 -158.06639751  21.31050043 -158.06635962 1
112  21.31037909 -158.06639981  21.31034203 -158.06645380
111  21.31037909 -158.06639981
111  21.31061560 -158.06603968 1
112  21.31066924 -158.06613325  21.31071714 -158.06617021
111  21.31066924 -158.06613325 1
111  21.31114417 -158.06648948
112  21.31114417 -158.06648948  21.31120173 -158.06653235 1
112  21.31135634 -158.06643464  21.31140215 -158.06636404
111  21.31135634 -158.06643464 1
111  21.31260423 -158.06455198
112  21.31260423 -158.06455198  21.31263723 -158.06449883 1
112  21.31257784 -158.06433306  21.31251765 -158.06428721
111  21.31257784 -158.06433306 1
111  21.31207506 -158.06396869
112  21.31207506 -158.06396869  21.31203969 -158.06394570 1
112  21.31194722 -158.06400450  21.31192431 -158.06403551
111  21.31194722 -158.06400450
112  21.31194722 -158.06400450  21.31196864 -158.06397349
112  21.31221358 -158.06359771  21.31223351 -158.06356456
111  21.31221358 -158.06359771
112  21.31221358 -158.06359771  21.31219615 -158.06364797 1
112  21.31225170 -158.06374111  21.31228308 -158.06376303
111  21.31225170 -158.06374111 1
111  21.31273534 -158.06409639
112  21.31273534 -158.06409639  21.31277805 -158.06412869 1
112  21.31294616 -158.06404187  21.31299179 -158.06397206
111  21.31294616 -158.06404187 1
111  21.31413524 -158.06221947
112  21.31413524 -158.06221947  21.31419154 -158.06213298 1
112  21.31407158 -158.06182211  21.31393470 -158.06171999
111  21.31407158 -158.06182211 1
111  21.31376238 -158.06159492
112  21.31376238 -158.06159492  21.31368596 -158.06153872 1
112  21.31349694 -158.06163884  21.31343955 -158.06172498
111  21.31349694 -158.06163884
111  21.31391927 -158.06099212 1
111  21.31477639 -158.06161755 1
111  21.30946460 -158.06968994
112  21.30946460 -158.06968994  21.30937865 -158.06981911 1
112  21.30944917 -158.06998401  21.30948126 -158.07003813
111  21.30944917 -158.06998401 1
111  21.30961252 -158.07027561
112  21.30943828 -158.07039448  21.30937181 -158.07043754
111  21.30943828 -158.07039448
112  21.30943828 -158.07039448  21.30929846 -158.07017428 1
112  21.30898005 -158.07040776  21.30890212 -158.07052709
111  21.30898005 -158.07040776 1
112  21.30763062 -158.07246681  21.30761770 -158.07248553
111  21.30763062 -158.07246681
112  21.30763062 -158.07246681  21.30760478 -158.07250425 1
112  21.30763923 -158.07277818  21.30772063 -158.07293212 1
111  21.30899345 -158.07539923
112  21.30899345 -158.07539923  21.30906837 -158.07554807 1
112  21.30941209 -158.07551905  21.30960108 -158.07539901
111  21.30941209 -158.07551905 1
111  21.31140172 -158.07427015
112  21.31140172 -158.07427015  21.31153306 -158.07418648 1
112  21.31149072 -158.07389967  21.31143519 -158.07380568
111  21.31149072 -158.07389967 1
111  21.30943828 -158.07039448
111  21.30961252 -158.07027561 1
111  21.31000250 -158.07094892
112  21.31000250 -158.07094892  21.31008695 -158.07109584 1
112  21.31036781 -158.07106834  21.31046003 -158.07100582
111  21.31036781 -158.07106834
111  21.31048280 -158.07126208
112  21.31048280 -158.07126208  21.31036631 -158.07134648 1
112  21.31039736 -158.07162171  21.31045463 -158.07171965
111  21.31039736 -158.07162171 1
111  21.31077139 -158.07226425
112  21.31077139 -158.07226425  21.31084186 -158.07238460 1
112  21.31113388 -158.07236707  21.31124173 -158.07229486
111  21.31113388 -158.07236707
111  21.31125061 -158.07255582
112  21.31125061 -158.07255582  21.31110932 -158.07264873 1
112  21.31116130 -158.07293877  21.31121897 -158.07303201
111  21.31116130 -158.07293877 1
111  21.31167434 -158.07378528
112  21.31167434 -158.07378528  21.31175763 -158.07392283 1
112  21.31206778 -158.07386259  21.31217242 -158.07380069
111  21.31206778 -158.07386259
111  21.31218590 -158.07403460 1
111  21.30949351 -158.07572923
112  21.30949351 -158.07572923  21.30935261 -158.07581926 1
112  21.30937374 -158.07614684  21.30943301 -158.07626087
111  21.30937374 -158.07614684 1
112  21.31143309 -158.08010979  21.31183579 -158.08083299 1
111  21.31300074 -158.08279087 1
111  21.31286933 -158.08286960 1
111  21.31273054 -158.08294849 1
111  21.31258667 -158.08303064 1
111  21.31246827 -158.08309824 1
111  21.31227860 -158.08320806 1
111  21.31220310 -158.08325077 1
111  21.31208186 -158.08332077 1
111  21.31196036 -158.08339092 1
111  21.31187368 -158.08343910 1
113  21.31173719 -158.08352001 1
110 2 0.00 118.0000 Tarmac 1
111  21.31375083 -158.07508349
111  21.31305289 -158.07551457
111  21.31398348 -158.07710509
111  21.31426044 -158.07693563
111  21.31454848 -158.07744698
111  21.31427152 -158.07761644
111  21.31469250 -158.07833588
111  21.31212506 -158.07993531
111  21.31195334 -158.07965586
111  21.31285901 -158.07907911
111  21.31260698 -158.07864209
111  21.31254050 -158.07866290
111  21.31246572 -158.07854399
111  21.31236879 -158.07860047
111  21.31219430 -158.07829723
111  21.31112246 -158.07896316
111  21.31023341 -158.07744104
111  21.31067287 -158.07716615
111  21.30990242 -158.07584455
113  21.31305088 -158.07387941
110 2 0.00 118.0000 Tarmac 2
111  21.31140547 -158.07388446
111  21.30974616 -158.07491862
111  21.30843401 -158.07267245
111  21.30856076 -158.07259326
111  21.30854184 -158.07255265
111  21.30961254 -158.07093434
113  21.30965983 -158.07090591
110 1 0.00 55.0000 Asphalt
111  21.31305412 -158.08284641
111  21.31130580 -158.08391794
111  21.30755867 -158.07735121
111  21.30324753 -158.08058618
111  21.30307673 -158.08140580
111  21.30332622 -158.08145511
111  21.30303784 -158.08289466
111  21.30107220 -158.08262924
111  21.30104287 -158.08138730
111  21.30163565 -158.08112848
112  21.30181069 -158.08084784  21.30187951 -158.08073662
111  21.30181069 -158.08084784
112  21.30181069 -158.08084784  21.30191328 -158.08093216
112  21.30215824 -158.08096935  21.30223844 -158.08090622
111  21.30737354 -158.07703640
111  21.30618810 -158.07495048
112  21.30618810 -158.07495048  21.30605409 -158.07472104
112  21.30537698 -158.07492314  21.30521250 -158.07517809
111  21.30537698 -158.07492314
111  21.30245137 -158.07939392
111  21.30162091 -158.08068658
111  21.30181069 -158.08084784
111  21.30163565 -158.08112848
111  21.30079548 -158.08122449
111  21.29892733 -158.07979620
111  21.30427247 -158.07156328
112  21.30427247 -158.07156328  21.30435171 -158.07143956
112  21.30432084 -158.07097373  21.30425240 -158.07080942
111  21.30432084 -158.07097373
111  21.30043139 -158.06196470
111  21.30205022 -158.06088327
111  21.30609250 -158.06799390
112  21.30609250 -158.06799390  21.30618075 -158.06815241
112  21.30656488 -158.06806001  21.30668293 -158.06787851
111  21.30656488 -158.06806001
111  21.31193816 -158.05949351
111  21.31431420 -158.06129428
111  21.30921735 -158.06912787
111  21.30938085 -158.06928832
111  21.31426907 -158.06186156
111  21.31457162 -158.06207840
111  21.30967832 -158.06950395
112  21.30987134 -158.06976968  21.31000718 -158.06978009
111  21.30987134 -158.06976968
111  21.31055803 -158.06984990
111  21.31070812 -158.06999832
111  21.31094538 -158.07041808
111  21.31106251 -158.07043890
111  21.31147843 -158.07016068
111  21.31516650 -158.07636730
111  21.31425685 -158.07693563
111  21.31325175 -158.07908546
111  21.31212147 -158.07993531
111  21.31161670 -158.08028726
113  21.31290107 -158.08247961
110 2 0.00 0.0000 4R
111  21.30068867 -158.08168670
111  21.30002083 -158.08118843
111  21.30013605 -158.08100938
111  21.29932263 -158.08040483
111  21.29920397 -158.08058301
111  21.29910250 -158.08051656
112  21.29976691 -158.07948351  21.29982040 -158.07939831
111  21.29976691 -158.07948351
112  21.29976691 -158.07948351  21.29974080 -158.07952543 1
112  21.29985115 -158.07979722  21.29993463 -158.07985974
111  21.29985115 -158.07979722
112  21.29985115 -158.07979722  21.29989289 -158.07982848 1
111  21.30046727 -158.08025704
111  21.30052960 -158.08030551
111  21.30021875 -158.08078522
111  21.30071612 -158.08116159
113  21.30091725 -158.08132005
110 2 0.00 118.0000 Coast Guard HeliPad 1
111  21.30092967 -158.07078750
111  21.30099835 -158.07050934
111  21.30125292 -158.07058011
113  21.30118424 -158.07085335
130 Airport Boundary
111  21.31388172 -158.08299679
111  21.31051638 -158.08484454
111  21.30700921 -158.07778169
111  21.30355016 -158.08043230
111  21.30303784 -158.08289466
111  21.30107220 -158.08262924
111  21.29836486 -158.08015771
111  21.29882635 -158.07671443
111  21.30113563 -158.07314925
111  21.29930795 -158.07185757
111  21.30052675 -158.06797868
111  21.30121124 -158.06824238
111  21.30176414 -158.06753650
111  21.30263646 -158.06729838
111  21.30028636 -158.06194416
111  21.30231165 -158.06052457
111  21.30626991 -158.06768425
111  21.31197213 -158.05877156
111  21.31546287 -158.06131551
111  21.31244049 -158.06618672
111  21.31151765 -158.07013390
111  21.31574665 -158.07750862
113  21.31213313 -158.07988691
120 Linear Feature 9
112  21.30084267 -158.07240177  21.30069512 -158.07229749 51 101
112  21.30073642 -158.07185583  21.30083755 -158.07169057
111  21.30073642 -158.07185583 51 101
111  21.30084813 -158.07168974
112  21.30084813 -158.07168974  21.30094994 -158.07154390 51 101
116  21.30136169 -158.07162413  21.30149268 -158.07172088
120 Linear Feature 9
112  21.30120208 -158.07265733  21.30105870 -158.07255480 51 101
112  21.30109790 -158.07210434  21.30118727 -158.07195461
111  21.30109790 -158.07210434 51 101
111  21.30120065 -158.07195283
112  21.30120065 -158.07195283  21.30130245 -158.07180698 51 101
116  21.30171411 -158.07188139  21.30184510 -158.07197815
120 Linear Feature 7
111  21.30224316 -158.07255126 51
111  21.30214748 -158.07249108 51
111  21.30220579 -158.07238677 51
113  21.30229923 -158.07244695 51
120 Linear Feature 5
112  21.30277684 -158.07258741  21.30266171 -158.07250179 51 101
112  21.30245715 -158.07254114  21.30237327 -158.07258792 51 101
112  21.30184595 -158.07287153  21.30172113 -158.07293852 51 101
112  21.30146866 -158.07285121  21.30138092 -158.07278810
111  21.30146866 -158.07285121 51 101
111  21.30120208 -158.07265733 51 101
111  21.30084267 -158.07240177 51 101
111  21.30047954 -158.07213979
112  21.30047954 -158.07213979  21.30035039 -158.07204816 51 101
112  21.30038048 -158.07159568  21.30049430 -158.07139363
111  21.30038048 -158.07159568 51 101
111  21.30049702 -158.07142057
112  21.30049702 -158.07142057  21.30058457 -158.07129017 51 101
116  21.30101006 -158.07137626  21.30119502 -158.07150431
120 Linear Feature 4
112  21.30074332 -158.07118596  21.30066100 -158.07112771 51 101
112  21.30068788 -158.07095416  21.30074396 -158.07091338
111  21.30068788 -158.07095416 51 101
115  21.30093029 -158.07078038
120 Linear Feature 8
111  21.30171342 -158.07218404 51
115  21.30190877 -158.07189356
120 Linear Feature 5
111  21.30746676 -158.07723899 1
111  21.30747137 -158.07719964 1
115  21.30747491 -158.07715594
120 Linear Feature 5
111  21.30750947 -158.07720237 1
111  21.30747287 -158.07719692 1
115  21.30743221 -158.07719255
120 Linear Feature 1
112  21.30369398 -158.07285498  21.30356781 -158.07303013 51 101
116  21.30318631 -158.07288803  21.30308379 -158.07281079
120 Linear Feature 1
112  21.30336047 -158.07333342  21.30340404 -158.07326929 51 101
112  21.30318631 -158.07288803  21.30305437 -158.07278649
111  21.30318631 -158.07288803 51 101
111  21.30277325 -158.07258741 51 101
111  21.30240222 -158.07231252 51 101
111  21.30229168 -158.07224673 51 101
112  21.30206841 -158.07214336  21.30205199 -158.07213631 51 101
111  21.30171052 -158.07188139 51 101
111  21.30135810 -158.07162413 51 101
111  21.30101006 -158.07137626 51 101
111  21.30073973 -158.07118596 51 101
112  21.30066421 -158.07112253  21.30063436 -158.07109437 51 101
112  21.30059778 -158.07077563  21.30067756 -158.07060602
111  21.30059778 -158.07077563 51 101
111  21.30072440 -158.07052930 51 101
112  21.30076052 -158.07045294  21.30082519 -158.07031731 51 101
116  21.30058760 -158.07005354  21.30038860 -158.06991150
120 Linear Feature 3
111  21.30478413 -158.07366611 1
115  21.30404013 -158.07331138
120 Linear Feature 3
111  21.30793265 -158.06883888 1
115  21.30735945 -158.06839610
120 Linear Feature 3
111  21.30481929 -158.06792797 1
115  21.30433309 -158.06821263
120 Linear Feature 3
111  21.30292153 -158.06388106 1
115  21.30240125 -158.06418079
120 Linear Feature 3
111  21.30894772 -158.06960678 1
115  21.30865736 -158.06939312
120 Linear Feature 3
111  21.31097422 -158.06653624 1
115  21.31068901 -158.06631927
120 Linear Feature 3
111  21.31256129 -158.06413952 1
115  21.31227094 -158.06392586
120 Linear Feature 2
112  21.30498115 -158.06739711  21.30506278 -158.06756393 1
116  21.30481929 -158.06792797  21.30462905 -158.06802759
120 Linear Feature 2
112  21.30307064 -158.06332451  21.30317232 -158.06353222 1
116  21.30292153 -158.06388106  21.30273129 -158.06398068
120 Linear Feature 2
112  21.31221894 -158.07389651  21.31233684 -158.07382696 1
116  21.31229242 -158.07345219  21.31221010 -158.07329234
120 Linear Feature 2
112  21.31208640 -158.07397547  21.31196193 -158.07405417 1
116  21.31161295 -158.07387253  21.31153574 -158.07376274
120 Linear Feature 2
112  21.30755873 -158.07283018  21.30746562 -158.07264356 1
116  21.30761132 -158.07231464  21.30773461 -158.07213706
120 Linear Feature 2
112  21.30896312 -158.07026245  21.30904824 -158.07013253 1
116  21.30952825 -158.07032556  21.30964912 -158.07052631
120 Linear Feature 2
112  21.31091619 -158.07113953  21.31085299 -158.07103263 1
116  21.31059386 -158.07106276  21.31049794 -158.07112094
120 Linear Feature 2
112  21.31029051 -158.07163821  21.31020921 -158.07149487 1
116  21.31039915 -158.07118731  21.31054200 -158.07109731
120 Linear Feature 2
112  21.30947727 -158.06948758  21.30936302 -158.06966000 1
116  21.30894772 -158.06960678  21.30877535 -158.06947490
120 Linear Feature 2
112  21.31149885 -158.06642131  21.31138665 -158.06659373 1
116  21.31097422 -158.06653624  21.31080185 -158.06640437
120 Linear Feature 2
112  21.31309120 -158.06402779  21.31297695 -158.06420021 1
116  21.31256129 -158.06413952  21.31238893 -158.06400765
120 Linear Feature 2
112  21.30342807 -158.07344796  21.30356439 -158.07335328 1
116  21.30404013 -158.07331138  21.30424468 -158.07340180
120 Linear Feature 2
111  21.30638570 -158.06885376 1
111  21.30652225 -158.06866912
112  21.30652225 -158.06866912  21.30667239 -158.06844295 1
116  21.30735945 -158.06839610  21.30763143 -158.06858354
120 Linear Feature 2
111  21.30581475 -158.07291032 1
111  21.30545741 -158.07343913
112  21.30545741 -158.07343913  21.30530165 -158.07366680 1
116  21.30478581 -158.07366664  21.30454290 -158.07355671
120 Linear Feature 2
111  21.30888461 -158.06816749 1
111  21.30855727 -158.06867077
112  21.30855727 -158.06867077  21.30840576 -158.06889253 1
116  21.30793420 -158.06883975  21.30771589 -158.06868116
120 Linear Feature 2
112  21.30421855 -158.06896796  21.30406697 -158.06866245 1
116  21.30433309 -158.06821263  21.30445688 -158.06814052
120 Linear Feature 2
111  21.30222081 -158.06494176 1
111  21.30220452 -158.06490384
112  21.30220452 -158.06490384  21.30209102 -158.06465428 1
116  21.30240125 -158.06418079  21.30254547 -158.06409801
120 Linear Feature 2
111  21.30769738 -158.07004187 1
111  21.30803841 -158.06953711
112  21.30803841 -158.06953711  21.30818855 -158.06931094 1
116  21.30865736 -158.06939312  21.30879397 -158.06948962
120 Linear Feature 2
111  21.30970673 -158.06697179 1
111  21.31008996 -158.06639599
112  21.31008996 -158.06639599  21.31024010 -158.06616982 1
116  21.31068901 -158.06631927  21.31087630 -158.06645289
120 Linear Feature 2
111  21.31130821 -158.06452317 1
111  21.31164103 -158.06402136
112  21.31164103 -158.06402136  21.31179117 -158.06379519 1
116  21.31227094 -158.06392586  21.31244588 -158.06405176
120 Linear Feature 2
112  21.30531735 -158.06812170  21.30522522 -158.06791712 1
116  21.30481929 -158.06792797  21.30462905 -158.06802759
120 Linear Feature 2
112  21.30342019 -158.06405197  21.30333407 -158.06387105 1
116  21.30292153 -158.06388106  21.30273129 -158.06398068
120 Linear Feature 2
112  21.31149326 -158.07435071  21.31160178 -158.07428035 1
116  21.31161295 -158.07387253  21.31154862 -158.07372200
120 Linear Feature 2
112  21.30727856 -158.07226310  21.30731897 -158.07234126 1
116  21.30761132 -158.07231464  21.30777168 -158.07216634
120 Linear Feature 2
112  21.30936888 -158.06964939  21.30928001 -158.06978358 1
112  21.30934973 -158.07001576  21.30938889 -158.07007881
111  21.30934973 -158.07001576 1
115  21.30952976 -158.07032556
120 Linear Feature 2
111  21.31059386 -158.07106276 1
115  21.31039915 -158.07118731
120 Linear Feature 2
112  21.30997572 -158.07109014  21.31003285 -158.07118914 1
116  21.31039915 -158.07118731  21.31056350 -158.07109245
120 Linear Feature 2
112  21.30903478 -158.07015700  21.30913213 -158.07001345 1
116  21.30894772 -158.06960678  21.30877535 -158.06947490
120 Linear Feature 2
112  21.31107586 -158.06706410  21.31117116 -158.06691724 1
116  21.31097422 -158.06653624  21.31080185 -158.06640437
120 Linear Feature 2
112  21.31265905 -158.06467385  21.31275640 -158.06453030 1
116  21.31256129 -158.06413952  21.31238893 -158.06400765
120 Linear Feature 2
112  21.30403292 -158.07243765  21.30385163 -158.07273201 1
116  21.30404013 -158.07331138  21.30429157 -158.07346337
120 Linear Feature 2
111  21.30759761 -158.06702083 1
111  21.30729330 -158.06749189
112  21.30729330 -158.06749189  21.30714775 -158.06772149 1
116  21.30735945 -158.06839610  21.30757850 -158.06859774
120 Linear Feature 2
112  21.30038417 -158.08055487  21.30054156 -158.08067046 1
112  21.30085937 -158.08046515  21.30097037 -158.08029443
111  21.30085937 -158.08046515 1
111  21.30480688 -158.07442550
112  21.30480688 -158.07442550  21.30492578 -158.07423231 1
116  21.30478581 -158.07366664  21.30454290 -158.07355671
120 Linear Feature 2
111  21.30767471 -158.07002590 1
111  21.30800964 -158.06951229
112  21.30800964 -158.06951229  21.30814697 -158.06929151 1
116  21.30793420 -158.06883975  21.30771589 -158.06868116
120 Linear Feature 2
112  21.30373258 -158.06796763  21.30381669 -158.06813673 1
116  21.30433309 -158.06821263  21.30450098 -158.06811901
120 Linear Feature 2
112  21.30172657 -158.06394224  21.30182070 -158.06412640 1
116  21.30240125 -158.06418079  21.30263530 -158.06405059
120 Linear Feature 2
111  21.30891412 -158.06818345 1
111  21.30855865 -158.06873527
112  21.30855865 -158.06873527  21.30845281 -158.06891197 1
116  21.30865736 -158.06939312  21.30887568 -158.06955171
120 Linear Feature 2
111  21.31104331 -158.06491891 1
111  21.31060668 -158.06560235
112  21.31060668 -158.06560235  21.31046114 -158.06583195 1
116  21.31068901 -158.06631927  21.31091041 -158.06647676
120 Linear Feature 2
111  21.31263039 -158.06252219 1
111  21.31220919 -158.06316367
112  21.31220919 -158.06316367  21.31206365 -158.06339327 1
116  21.31227094 -158.06392586  21.31248925 -158.06408446
120 Linear Feature 1
111  21.31376828 -158.06123210 1
111  21.31418506 -158.06153745
112  21.31418506 -158.06153745  21.31434825 -158.06165344 1
112  21.31427989 -158.06219787  21.31418286 -158.06235173
111  21.31427989 -158.06219787 1
111  21.31309120 -158.06402779 1
111  21.31265905 -158.06467385 1
111  21.31149885 -158.06642131 1
111  21.31107586 -158.06706410 1
111  21.30947727 -158.06948758 1
111  21.30936888 -158.06964939 1
111  21.30903478 -158.07015700 1
111  21.30896312 -158.07026245 1
111  21.30761132 -158.07231464 1
115  21.30761132 -158.07231464
120 Linear Feature 11
111  21.30480688 -158.07442550 1
115  21.30545741 -158.07343913
120 Linear Feature 10
111  21.30782629 -158.07690900 1
111  21.30742711 -158.07723979 1
111  21.30691346 -158.07761470 1
111  21.30192352 -158.08138231
112  21.30192352 -158.08138231  21.30181198 -158.08146422 1
112  21.30150694 -158.08139514  21.30136312 -158.08128488
111  21.30150694 -158.08139514 1
111  21.30038417 -158.08055487 1
112  21.29960610 -158.07997252  21.29945347 -158.07985281 1
112  21.29948169 -158.07941045  21.29959910 -158.07922773 1
115  21.29969009 -158.07906706
120 Linear Feature 9
112  21.30927479 -158.07574320  21.30920091 -158.07580085 1
116  21.30919298 -158.07600353  21.30922762 -158.07606982
120 Linear Feature 9
112  21.30902973 -158.07568652  21.30906744 -158.07575924 1
116  21.30927479 -158.07574320  21.30932549 -158.07570440
120 Linear Feature 9
112  21.30899645 -158.07594415  21.30906147 -158.07589882 1
116  21.30902973 -158.07568652  21.30900329 -158.07563756
120 Linear Feature 9
112  21.30922571 -158.07606706  21.30917722 -158.07597505 1
116  21.30893680 -158.07599395  21.30887146 -158.07604825
120 Linear Feature 8
111  21.30827408 -158.07654169 1
111  21.30893680 -158.07599395 1
111  21.30899645 -158.07594415 1
111  21.30912071 -158.07585879 1
111  21.30927479 -158.07574320 1
111  21.30960947 -158.07552979 1
111  21.30990604 -158.07533950 1
111  21.30999385 -158.07527904 1
111  21.31026225 -158.07510654 1
111  21.31055053 -158.07493403 1
111  21.31063503 -158.07487890 1
111  21.31071290 -158.07483266 1
111  21.31085207 -158.07474552 1
111  21.31109231 -158.07459613 1
111  21.31125136 -158.07450188 1
111  21.31149326 -158.07435071 1
111  21.31208640 -158.07397547 1
111  21.31221894 -158.07389651 1
115  21.31245421 -158.07375850
120 Linear Feature 7
112  21.31090504 -158.07269393  21.31094712 -158.07276420 1
112  21.31124115 -158.07293944  21.31127790 -158.07296756 1
112  21.31136677 -158.07316465  21.31138708 -158.07325185 1
116  21.31140058 -158.07352493  21.31144361 -158.07359809
120 Linear Feature 6
111  21.30953892 -158.07033998 1
111  21.30997572 -158.07109014 1
111  21.31029051 -158.07163821 1
111  21.31090504 -158.07269393 1
111  21.31140058 -158.07352493 1
115  21.31161295 -158.07387253
120 Linear Feature 5
111  21.31331771 -158.06090136 1
115  21.31235525 -158.06016942
120 Linear Feature 4
112  21.31128843 -158.08319363  21.31120248 -158.08303679 1
112  21.31181270 -158.08336429  21.31207914 -158.08319363 1
112  21.31256044 -158.08292609  21.31270225 -158.08284767 1
112  21.31268936 -158.08243714  21.31259482 -158.08228954 1
112  21.31116380 -158.07983559  21.31082861 -158.07923594 1
111  21.30922571 -158.07606706 1
111  21.30919298 -158.07600353 1
111  21.30902973 -158.07568652 1
111  21.30755873 -158.07283018 1
111  21.30727856 -158.07226310 1
111  21.30695836 -158.07163014
111  21.30668620 -158.07105447 1
111  21.30609116 -158.06978570 1
111  21.30582433 -158.06920430 1
111  21.30531735 -158.06812170 1
111  21.30498115 -158.06739711 1
111  21.30342019 -158.06405197 1
111  21.30307064 -158.06332451 1
111  21.30228349 -158.06166342
112  21.30228349 -158.06166342  21.30218860 -158.06147427 1
112  21.30177152 -158.06145809  21.30158473 -158.06156119
111  21.30177152 -158.06145809 1
111  21.30102624 -158.06189378
112  21.30102624 -158.06189378  21.30090014 -158.06196751 1
112  21.30088529 -158.06223335  21.30093599 -158.06234790
111  21.30088529 -158.06223335 1
115  21.30105073 -158.06257415
120 Linear Feature 6
111  21.30111150 -158.07272349 1
112  21.30032007 -158.07216105  21.30010809 -158.07201418 1
112  21.30015546 -158.07149849  21.30026762 -158.07132755 1
115  21.30036312 -158.07118862
120 Linear Feature 12
111  21.30010374 -158.07165285 1
115  21.30007127 -158.07165028
120 Linear Feature 12
111  21.30010931 -158.07180510 1
115  21.30004342 -158.07181906
120 Linear Feature 12
111  21.30014960 -158.07194258 1
115  21.30008699 -158.07197236
120 Linear Feature 12
111  21.30022004 -158.07206529 1
115  21.30017217 -158.07210914
120 Linear Feature 12
111  21.30032290 -158.07216304 1
115  21.30029371 -158.07220443
120 Linear Feature 12
111  21.30043822 -158.07224391 1
115  21.30040902 -158.07228530
120 Linear Feature 12
111  21.30055320 -158.07232549 1
115  21.30052401 -158.07236687
120 Linear Feature 12
111  21.30066524 -158.07240460 1
115  21.30063604 -158.07244598
120 Linear Feature 12
111  21.30077761 -158.07248477 1
115  21.30074841 -158.07252615
120 Linear Feature 12
111  21.30088899 -158.07256459 1
115  21.30085979 -158.07260597
120 Linear Feature 12
111  21.30100201 -158.07264581 1
115  21.30097281 -158.07268719
120 Linear Feature 2
111  21.31209000 -158.08333090 1
115  21.31208505 -158.08332077
120 Linear Feature 2
111  21.31287947 -158.08288146 1
115  21.31287252 -158.08286960
120 Linear Feature 2
111  21.31273900 -158.08295824 1
115  21.31273373 -158.08294849
120 Linear Feature 2
111  21.31259524 -158.08304042 1
115  21.31258986 -158.08303064
120 Linear Feature 2
111  21.31247718 -158.08311019 1
115  21.31247146 -158.08309824
120 Linear Feature 2
111  21.31241900 -158.08270763 1
115  21.31241340 -158.08269550
120 Linear Feature 2
111  21.31228751 -158.08322116 1
115  21.31228179 -158.08320806
120 Linear Feature 2
111  21.31169908 -158.08308741 1
115  21.31169917 -158.08307427
120 Linear Feature 2
111  21.31179915 -158.08306087 1
115  21.31179412 -158.08304832
120 Linear Feature 2
111  21.31191944 -158.08299262 1
115  21.31191244 -158.08298078
120 Linear Feature 2
111  21.31210733 -158.08288549 1
115  21.31210033 -158.08287365
120 Linear Feature 2
111  21.31188387 -158.08345094 1
115  21.31187687 -158.08343910
120 Linear Feature 3
111  21.30546199 -158.06868299 4
115  21.30563939 -158.06858663
120 Linear Feature 3
111  21.30456026 -158.06795729 4
115  21.30465282 -158.06814501
120 Linear Feature 3
111  21.30568771 -158.07358577 4
115  21.30524929 -158.07326195
120 Linear Feature 3
111  21.30287593 -158.07279875 4
115  21.30299759 -158.07261920
120 Linear Feature 3
111  21.30440661 -158.07361584 4
115  21.30449699 -158.07341758
120 Linear Feature 3
111  21.30895626 -158.06949246 4
115  21.30883707 -158.06966743
120 Linear Feature 3
111  21.31100755 -158.06638718 4
115  21.31085186 -158.06662684
120 Linear Feature 3
111  21.31258971 -158.06398923 4
115  21.31243550 -158.06422731
120 Linear Feature 3
111  21.31433268 -158.06129380 4
115  21.31402095 -158.06178400
120 Linear Feature 3
111  21.31275586 -158.06083868 4
115  21.31306561 -158.06034717
120 Linear Feature 3
111  21.30762187 -158.06873423 4
115  21.30773916 -158.06855767
120 Linear Feature 3
111  21.30632231 -158.07052390 4
115  21.30650106 -158.07043070
120 Linear Feature 3
111  21.30132971 -158.06145989 4
115  21.30153418 -158.06186065
120 Linear Feature 3
111  21.30258275 -158.06395030 4
115  21.30267832 -158.06414369
120 Linear Feature 3
111  21.29989419 -158.08053499 4
115  21.30020500 -158.08006114
120 Linear Feature 3
111  21.30002757 -158.07992909 4
115  21.29971665 -158.08039999
120 Linear Feature 3
111  21.30433858 -158.07333825 4
115  21.30424661 -158.07353687
120 Linear Feature 3
111  21.31289686 -158.06021658 4
115  21.31259190 -158.06071167
120 Linear Feature 3
111  21.30757357 -158.06842878 4
115  21.30745792 -158.06860721
120 Linear Feature 3
111  21.30644806 -158.07031816 4
115  21.30627183 -158.07041674
120 Linear Feature 3
111  21.30735889 -158.07212764 4
115  21.30718039 -158.07224042
120 Linear Feature 3
111  21.30858955 -158.07613012 4
115  21.30870970 -158.07630402
120 Linear Feature 3
111  21.31203591 -158.08292467 4
115  21.31220867 -158.08324685
120 v
111  21.31229603 -158.08277786 1
115  21.31229109 -158.08276772
21  21.30841880 -158.06963961 2 55.0100 3.0 PAPI 04L
21  21.31019918 -158.06191436 2 234.8200 3.0 PAPI 22L
21  21.31164502 -158.06323883 2 234.8200 3.0 PAPI 22R
21  21.30934315 -158.07821888 2 118.1800 3.0 PAPI 11
21  21.30342670 -158.06846309 2 298.0600 3.0 PAPI 29
21  21.30173484 -158.07692195 2 55.3500 3.0 PAPI 04R
20  21.30878672 -158.06976304 146.3100 0 2 {@L}A
20  21.30903126 -158.06940041 325.2700 0 2 {@L}A
1300  21.30115013 -158.07202699  54.41 misc heavy Coast Guard Ramp
18  21.30609901 -158.07090839 1 Beacon
19  21.30572859 -158.07456768 0 Windsock
50 11980 ATIS
51 13260 CTAF
52 12170 CLNC DEL
53 12380 GND
54 13260 TWR
55 11830 HONOLULU APP/DEP
1200 
1201  21.30744444 -158.07256956 both 1153 B_start
1201  21.30682378 -158.07135374 both 518 04L/22R_start
1201  21.31090105 -158.07266280 both 1191 B4_stop
1201  21.31127408 -158.06675839 both 1157 B_stop
1201  21.31180564 -158.07414619 both 1189 B4_start
1201  21.31274544 -158.06047234 both 1169 B_stop
1201  21.31290255 -158.06059498 both 1167 B_stop
1201  21.30828889 -158.06912028 both 1151 04L/22R_start(split)
1201  21.31418263 -158.06153019 both 1163 B_stop
1201  21.31439362 -158.06202224 both 1161 B_stop
1201  21.30768057 -158.06864306 both 1199 B4_stop
1201  21.31187960 -158.06362540 both 525 04L/22R_start(split)(split)
1201  21.31030623 -158.06603092 both 523 04L/22R_start(split)
1201  21.30921658 -158.06992066 both 1155 B_stop
1201  21.31354253 -158.06108045 both 520 04L/22R_stop
1201  21.31286844 -158.06436428 both 1159 B_stop
1201  21.30889984 -158.06957773 both 1196 B4_stop
1201  21.31013048 -158.07134123 both 1193 B4_stop
1201  21.30751693 -158.06851779 both 1201 B4_stop
1201  21.30690580 -158.06806878 both 1203 B4_stop
1201  21.31258540 -158.08290653 both 1204 C_start
1201  21.31131744 -158.08012244 both 1206 C_stop
1201  21.30911251 -158.07584776 both 1208 C_stop
1201  21.30641269 -158.07047621 both 1213 C_stop
1201  21.30636449 -158.07036446 both 1215 C_stop
1201  21.30596357 -158.06949513 both 1217 C_stop
1201  21.30555611 -158.06863204 both 1219 C_stop
1201  21.30512836 -158.06774569 both 1221 C_stop
1201  21.30324548 -158.06369952 both 1223 C_stop
1201  21.30209231 -158.06125893 both 1225 C_stop
1201  21.30726571 -158.07219892 both 1232 B_start(split)
1201  21.31211615 -158.06000044 both 1247 B_stop(split)
1201  21.29969449 -158.07906411 both 1249 04R/22L_start
1201  21.30359161 -158.07310719 both 1251 04R/22L_stop
1201  21.30511841 -158.07076852 both 1253 04R/22L_stop
1201  21.31127853 -158.08321432 both 1257 11/29_start
1201  21.30804508 -158.07673436 both 1259 11/29_stop
1201  21.30394794 -158.06842934 both 1262 11/29_stop
1201  21.30197625 -158.06441985 both 1264 11/29_stop
1201  21.30078850 -158.06205194 both 1266 11/29_stop
1201  21.31251405 -158.06410687 both 1270 B2_stop
1201  21.31093027 -158.06650616 both 1275 B3_stop
1201  21.31263327 -158.07363995 both 1279 C2_start
1201  21.30865489 -158.07622144 both 1283 C2_stop
1201  21.31215481 -158.08314923 both 1286 C1_stop
1201  21.31172769 -158.08338449 both 1288 C1_stop
1201  21.31271983 -158.08251909 both 1290 C_start(split)
1201  21.30601831 -158.07259605 both 1292 11/29_stop(split)
1201  21.30088686 -158.08042087 both 1294 A_start
1201  21.30521013 -158.07386985 both 1296 A_stop
1201  21.30549549 -158.07343779 both 1298 A_stop
1201  21.30665549 -158.07163156 both 1301 A_stop
1201  21.30036644 -158.08053348 both 1304 A1_stop
1201  21.29950077 -158.07987293 both 1306 A1_stop
1201  21.29987274 -158.08016328 both 1308 A1_stop(split)
1201  21.30444982 -158.07351157 both 1312 A2_stop
1201  21.30429488 -158.07343169 both 1314 A2_stop
1201  21.30293822 -158.07270576 both 1317 A2_stop
1201  21.30204646 -158.07213293 both 1319 A2_stop
1201  21.30050799 -158.07101307 both 1321 A2_stop
1201  21.30461663 -158.06805963 both 1323 C3_stop
1201  21.30263505 -158.06404544 both 1326 C4_stop
1201  21.30143270 -158.06165789 both 1332 C5_stop
1202 518 1151 twoway runway 04L/22R
1204 departure 04L,04R
1204 ils 04L
1202 523 525 twoway runway 04L/22R
1204 departure 04L,04R,22R
1204 arrival 04L,22R
1204 ils 04L,22R
1202 525 520 twoway runway 04L/22R
1204 departure 04L,04R,22R
1204 arrival 04L,22R
1204 ils 04L,22R
1202 1151 523 twoway runway 04L/22R
1204 departure 04L,04R,22R
1204 arrival 04L,22R
1204 ils 04L,22R
1202 1153 1155 twoway taxiway B
1202 1155 1157 twoway taxiway B
1202 1157 1159 twoway taxiway B
1202 1159 1161 twoway taxiway B
1202 1161 1163 twoway taxiway B1
1202 1163 520 twoway taxiway B1
1204 departure 04L,22R
1204 arrival 04L,22R
1204 ils 22R
1202 520 1167 twoway taxiway B1
1204 departure 04L
1204 arrival 22R
1204 ils 22R
1202 1167 1169 twoway taxiway B1
1202 1169 1247 twoway taxiway B1
1204 departure 04L
1204 arrival 22L
1204 ils 22L
1202 1189 1191 twoway taxiway B4
1202 1191 1193 twoway taxiway B4
1202 1193 1155 twoway taxiway B4
1202 1155 1196 twoway taxiway B4
1202 1196 1151 twoway taxiway B4
1204 departure 04L,22R
1204 arrival 04L,22R
1202 1151 1199 twoway taxiway B4
1204 departure 04L,22R
1204 arrival 04L,22R
1202 1199 1201 twoway taxiway B4
1202 1201 1203 twoway taxiway B4
1204 departure 04R,22L
1204 arrival 04R,22L
1202 1204 1290 twoway taxiway C
1202 1206 1208 twoway taxiway C
1202 1208 1153 twoway taxiway C
1202 1153 1232 twoway taxiway C
1202 518 1213 twoway taxiway C
1204 departure 22R
1204 arrival 04L,22R
1202 1213 1215 twoway taxiway C
1202 1215 1217 twoway taxiway C
1204 departure 04R,22L
1204 arrival 04R,22L
1202 1217 1219 twoway taxiway C
1204 departure 04R,22L
1204 arrival 04R,22L
1202 1219 1221 twoway taxiway C
1202 1221 1223 twoway taxiway C
1202 1223 1225 twoway taxiway C
1202 1232 518 twoway taxiway C
1204 departure 22R
1204 arrival 04L,22R
1202 1249 1251 twoway runway 04R/22L
1204 departure 11,29
1204 arrival 11,29
1202 1251 1253 twoway runway 04R/22L
1204 departure 11,29
1204 arrival 11,29
1202 1253 1217 twoway runway 04R/22L
1204 departure 11,29
1204 arrival 11,29
1202 1217 1203 twoway runway 04R/22L
1204 departure 11,29
1204 arrival 11,29
1202 1203 1247 twoway runway 04R/22L
1204 departure 11,29
1204 arrival 11,29
1202 1257 1259 twoway runway 11/29
1204 departure 04R,22L
1204 arrival 04R,22L
1202 1259 1292 twoway runway 11/29
1204 departure 04R,22L
1204 arrival 04R,22L
1202 1253 1262 twoway runway 11/29
1204 departure 04R,22L
1204 arrival 04R,22L
1202 1262 1264 twoway runway 11/29
1204 departure 04R,22L
1204 arrival 04R,22L
1202 1264 1266 twoway runway 11/29
1204 departure 04R,22L
1204 arrival 04R,22L
1202 1159 1159 twoway runway 11/29
1202 1159 1270 twoway taxiway B2
1202 1270 525 twoway taxiway B2
1204 departure 04L,22R
1204 arrival 04L,22R
1202 1157 1275 twoway taxiway B3
1202 1275 523 twoway taxiway B3
1204 departure 04L,22R
1204 arrival 04L,22R
1202 520 1167 twoway taxiway B1
1204 departure 04L,22R
1204 arrival 04L,22R
1202 1279 1189 twoway taxiway C2
1202 1189 1208 twoway taxiway C2
1202 1208 1283 twoway taxiway C2
1202 1283 1259 twoway taxiway C2
1204 departure 11,29
1204 arrival 11,29
1202 1204 1286 twoway taxiway C1
1202 1286 1288 twoway taxiway C1
1204 arrival 11
1204 ils 29
1202 1288 1257 twoway taxiway C1
1204 departure 11,29
1204 arrival 11
1204 ils 29
1202 1290 1206 twoway taxiway C
1202 1292 1253 twoway runway 11/29
1204 departure 04R,11,22L,29
1204 arrival 04R,11,22L,29
1204 ils 11,29
1202 1294 1296 twoway taxiway A
1202 1296 1298 twoway taxiway A
1202 1298 1292 twoway taxiway A
1204 departure 11,29
1204 arrival 11,29
1202 1292 1301 twoway taxiway A
1204 departure 11,29
1204 arrival 11,29
1202 1301 518 twoway taxiway A
1202 1294 1304 twoway taxiway A1
1202 1304 1308 twoway taxiway A1
1202 1306 1249 twoway taxiway A1
1204 departure 04R,22L
1204 arrival 04R,22L
1202 1308 1306 twoway taxiway A1
1204 departure 04R,22L
1204 arrival 04L,22R
1202 1296 1312 twoway taxiway A2
1202 1312 1314 twoway taxiway A2
1202 1314 1251 twoway taxiway A2
1204 departure 04R,22L
1204 arrival 04R,22L
1202 1251 1317 twoway taxiway A2
1204 departure 04R,22L
1204 arrival 04R,22L
1202 1317 1319 twoway taxiway A2
1202 1319 1321 twoway taxiway A2
1202 1221 1323 twoway taxiway C3
1202 1323 1262 twoway taxiway C3
1204 departure 11,29
1204 arrival 11,29
1202 1223 1326 twoway taxiway C4
1202 1326 1264 twoway taxiway C4
1204 departure 11,29
1204 arrival 11,29
1202 1225 1332 twoway taxiway C5
1202 1332 1266 twoway taxiway C5
1204 departure 11,29
1204 arrival 11,29
99
